54044
14108
79294
29649
25260
60660
2995
53777
49689
9083
16122
90436
4615
40660
25675
58943
92904
9900
95588
46120
29390
91323
85363
45738
80717
57415
7637
8540
6336
45434
65895
61811
8959
9139
31027
87662
2484
65550
23260
15616
3490
49568
5979
44737
52808
72122
37957
34826
21419
73531
94323
52910
84496
71799
50162
1692
1565
59279
56864
20141
13893
63942
6055
33424
44771
25678
33639
27793
41268
1857
63388
32976
46195
61291
61740
61680
45264
76361
49243
73250
67432
29124
15198
30626
18950
13857
32569
45179
47696
21283
77169
26357
97885
54741
57246
61929
25997
45859
3353
32204
97451
60550
49516
38558
57674
36443
666
32486
54910
24666
45119
40779
3441
83779
60645
63003
59616
7364
69058
41651
12201
13234
19717
11536
70350
15611
74484
96153
4127
60035
19418
58613
28590
32917
97780
17644
15836
88046
26489
38410
54618
16967
81604
60064
5833
80689
43137
57274
8002
4445
42933
75378
15130
10689
98579
42780
38379
76394
66337
15126
59535
53639
43182
88220
5506
21939
26719
32919
78383
62297
30677
15301
35277
2240
37292
11269
92554
12813
63131
25964
15618
11318
72799
43976
4698
32984
5
56322
30793
46586
36082
25956
61243
44613
59907
13187
43815
52408
63547
86233
7901
50572
29212
10912
54449
373
69509
3580
31479
66601
35427
49309
50428
76859
19840
95749
76993
45747
67663
85229
26778
72164
73627
31869
22208
17759
29409
20625
27533
3911
28506
13185
72229
2975
96029
66725
67778
77399
90300
16005
39433
33342
98536
66330
41629
79932
64508
80437
58093
7690
34357
87977
78134
6271
72856
43004
81631
4654
94363
37138
62061
18913
42432
11926
9778
23507
52921
12302
61620
89415
52561
8564
80333
62937
17680
49024
37850
54127
92136
65865
19416
86651
81030
12473
37840
36215
88329
23844
38832
1807
1726
84720
10551
12770
33510
23806
6831
41122
36046
2410
11380
8861
18964
37605
2021
59504
57029
64121
85107
64293
64821
72694
32390
55767
3884
74771
393
21050
70556
39830
42172
5615
47643
48677
5093
38547
4808
74607
71200
88387
94071
45031
83426
83246
96061
91471
37207
57815
30779
45176
70833
29490
27760
74104
21444
73173
10086
56241
48369
73755
93275
66791
2437
18827
61990
3213
43007
46942
47386
98002
80099
90898
28860
53348
3790
54478
50789
53673
81845
76946
31398
15539
43923
68172
43943
11674
5147
49577
7639
2902
56983
51372
87907
65260
46019
69134
65982
35068
81730
76650
67535
65607
86101
4387
9658
56971
38760
90175
26434
22509
10166
19048
3135
28671
63621
90284
56798
82077
15749
77755
45814
51006
26305
31977
48619
18712
90691
8001
32067
70357
38111
41552
74876
81391
40492
24784
22370
39440
57089
73160
45027
53617
35969
46450
40871
71843
12703
17953
52853
69725
67213
62722
73693
91338
14128
12506
75060
56344
31645
23821
2907
2229
7702
54151
49626
34757
19073
1923
11433
4156
34993
47527
28810
55157
69505
65503
64854
23249
79143
9697
35584
42411
13695
7789
66572
60321
54166
71208
76781
69793
42022
52118
62723
2774
17563
10157
73884
64476
44243
84801
83448
68584
56296
77751
95159
23154
24632
8184
39214
52344
46545
33325
85650
14755
92211
34714
41604
90705
97995
76462
85611
76657
58480
7258
91761
17400
74630
8191
83012
85542
71016
35146
50365
37585
62220
2323
23949
50093
8154
66092
75562
15603
49424
19639
37679
18186
78875
40160
63991
10977
53885
83218
34001
3723
63889
40515
36743
42770
32026
24502
52208
17897
78882
26409
74817
50557
4129
97514
67021
28240
45301
98467
53298
94746
59508
4533
28812
79175
57458
71279
14985
61081
72641
50192
24833
10559
3359
31540
74717
6619
34886
22723
62826
4364
44080
4087
31292
76363
98421
92175
71837
88423
84188
63345
30108
18021
38992
73015
6978
19730
77314
20601
73041
40457
43550
33086
86253
71896
24236
1291
9491
16822
91587
98602
26555
30077
10302
24493
2985
39469
90347
30520
42477
56481
5914
38961
10218
16024
93342
92630
7566
74142
54657
81366
88386
85815
4565
5439
1104
2673
65606
83445
70854
9537
73222
2544
31425
63015
81452
90318
75062
83615
19052
92492
48714
85098
15267
31282
91826
92471
43067
73944
47591
71457
79798
90235
60824
53372
53812
27261
49099
19917
76978
99670
58487
33747
16944
30719
18716
76276
93076
70826
63639
85111
98441
21908
35279
33927
33433
77583
95025
31616
25321
37617
93145
11286
15024
6719
64723
4077
78584
30370
98798
67730
21048
1287
87867
44930
4798
37691
61593
86819
50990
9059
57590
71412
14209
43285
79232
43891
290
36110
69671
88539
59260
88464
54759
40328
37037
85253
94603
18976
89833
74448
90717
20688
18961
46537
53603
42627
39150
8087
37842
80079
33426
48812
47406
10748
44375
61932
80967
63310
7592
70797
1452
3192
30692
27239
31166
77857
51830
22097
68817
55733
33720
78069
51195
32571
12279
28924
66443
51929
95208
55440
17321
82411
38022
61143
50625
2213
8447
95005
15634
39956
99281
88705
97294
67363
47231
17704
69554
19093
38744
709
50363
21233
75916
53339
97687
88562
35763
85496
96919
60369
9870
11363
9941
6401
38441
91650
9102
62077
19340
10745
42333
66689
39672
6473
15741
61335
31890
16099
15865
6445
81665
85352
8749
65186
11147
62916
33332
84931
39050
34043
79368
16678
85675
17812
29439
26532
82653
65587
57526
21148
29904
27408
7756
23943
33633
49278
28774
72872
9540
53171
64267
52998
4098
29864
36202
47534
50455
82772
12347
34049
78222
90264
10215
84769
42361
13264
13181
66773
26246
74122
84239
9743
33012
32183
2602
70562
20340
62909
73842
5968
44347
60842
3905
54985
57584
10738
39266
70711
60420
41807
10619
27691
28387
47429
65781
49825
1752
27004
79338
6714
19519
22796
4086
66695
82806
81923
70029
78043
17813
74517
1511
25527
20419
26266
90542
27647
56104
17055
62523
64731
65832
49687
46803
69704
50396
2311
87194
92658
70094
91902
29154
2953
14475
21086
26777
6337
6024
43316
75225
96054
41957
8842
39904
43313
33834
37062
51515
23681
73489
81967
93066
76128
48996
55462
10655
3320
32287
13924
32838
4013
85822
33106
15586
62938
67492
18225
7109
72726
93494
97566
24625
6993
46189
13906
70171
92259
21202
68892
96783
62823
62087
70942
92548
64324
42702
47758
39682
68866
50780
90020
12259
15487
28282
73821
13175
93864
50481
51637
81154
37777
65069
68598
7427
45598
13068
68704
91857
13463
33527
22821
28919
11172
47765
2675
96342
81797
52264
64093
12638
42302
27256
38610
41429
80256
56279
89868
68286
49300
75201
50069
14142
48609
41530
85935
3463
78932
53723
95802
58049
54370
51343
11580
78113
43716
57521
74252
10988
20096
49317
24110
53264
30595
5350
41748
8839
60954
60312
55703
13582
64830
78822
4431
19331
17634
46691
81249
5674
21864
73168
94978
96294
57938
15214
29445
36187
61873
52447
57870
53694
37937
87004
54254
79697
83671
8928
95619
10234
46423
48814
80948
12974
8742
43098
9738
46393
33453
31971
10626
37909
30082
5905
44018
78627
32979
54626
62786
78260
94659
79070
81792
31189
13525
85163
75274
5287
2926
57007
37559
57168
59910
88311
56151
56503
92022
35343
4655
36833
91349
24238
15180
77892
70901
9444
35495
69549
29614
10562
43417
71201
61388
64503
35596
5109
94740
49968
44563
84808
4642
22337
45061
45230
21989
70451
67592
30155
76411
95369
98064
99772
3931
31013
13483
48220
93515
9984
79768
92081
11659
79176
60573
46592
84062
44998
2886
44919
54710
2395
51452
39450
12262
50796
42997
7475
97021
32943
31634
30881
70622
92542
59539
3118
32092
23022
85774
6381
32456
89923
90032
17838
53144
93918
28087
14581
36381
76663
23658
94534
35781
4243
36906
86783
92863
61985
11432
34241
69989
20429
76181
37423
62222
89698
85738
23963
93578
24483
94658
41960
2103
39603
6952
5963
27512
85257
736
30254
68155
36098
54442
38701
75651
56919
75896
762
92244
32218
21258
25129
54746
35863
42084
61362
11322
32686
67372
13399
12722
48964
57851
230
34501
48725
26579
1314
2831
22009
6020
40756
43303
89188
17696
30407
16739
57598
25026
30981
93207
37225
73033
62846
73921
14987
82847
58404
57944
87314
25259
9726
65426
44116
46228
18434
10509
43671
51180
35482
42817
92212
51383
59578
44846
58469
49102
52230
74402
61900
68865
82517
84042
66110
96412
63638
8141
85138
6603
54431
79242
60443
31401
69027
94351
11302
10057
37623
27040
18572
76933
78892
16195
82770
35523
37983
6371
96172
82809
41709
8324
19567
19590
10388
40840
29543
92981
2623
12726
453
36943
96872
65517
35044
64282
9942
83868
84361
38288
88008
60539
72477
55273
5450
52190
26744
93740
82562
15858
96361
13466
1507
82202
45239
61831
55115
84687
37350
25007
95303
52067
14641
77210
96957
1612
68830
66852
93781
56679
20562
92335
50423
39386
15483
71452
52292
25160
20986
25807
71305
94091
48473
21799
80529
47795
59121
23870
74920
34374
42802
69798
26674
39626
51963
89978
22191
6999
48143
95930
7945
38002
55762
72761
65960
36055
11148
30631
93726
89599
1985
37127
3489
38715
97151
47011
92062
82123
25650
5353
88691
1028
66969
10978
84335
584
17507
73140
15193
66880
73749
97807
25993
14860
70787
21374
62399
21697
24452
41535
42887
17880
16145
63811
92314
38763
94551
16969
59443
16742
83014
1687
8600
68129
62694
59796
58591
21364
2406
93652
35676
38826
45344
68770
57771
76286
5578
65634
84105
97347
49422
46793
47711
95724
66166
9007
21399
78809
72247
95026
81096
30282
97627
17268
71437
85398
682
75516
92249
7100
29962
65305
33356
39910
66746
81798
13762
74656
2070
10786
31071
3253
39540
22612
2203
95942
52199
10844
81506
29337
32299
62741
31230
20393
63792
26135
67659
73206
12464
68356
14695
96136
69499
69808
27484
33352
99862
80199
35761
17394
21669
77614
97967
46781
3242
70602
20691
58416
6178
26952
39522
340
81642
81329
50277
14459
23187
26894
7781
88092
63452
94109
34462
61849
20093
40707
35860
74103
75643
39900
63231
51948
57535
98980
82988
6214
44109
44424
52070
53346
61481
11379
84052
89995
3764
55765
44153
84963
36209
46453
18119
48241
20501
1679
11721
65981
11252
12869
27507
57066
94020
52518
43693
34171
26954
74840
82137
60465
64280
33052
74384
84051
8918
58663
2728
7469
95591
48803
70593
94529
85370
75586
6245
38911
84970
2670
12864
54752
22892
26711
83401
93860
53774
55142
69811
28306
27487
30242
46060
63475
10632
40361
1883
96861
8669
3632
54672
7938
18580
71880
30526
73257
13896
98624
82768
43433
65635
19088
14293
14318
13406
61283
3203
25975
86592
1613
23481
10081
85275
48356
83137
86773
31326
83944
48060
84312
45327
22288
49753
2729
61631
10849
1887
13321
29167
71887
44572
20885
37487
69215
9027
70177
38407
6398
86018
28159
54394
19645
60760
38015
46140
2091
30364
64277
15982
40683
89911
51299
73586
59039
52631
84517
76777
54368
64547
64973
36173
51431
53197
90067
49546
86667
82963
44189
59520
89376
11016
2003
55660
35496
15881
19779
28755
54533
68322
38036
22029
46893
72217
5274
51151
90361
5596
90729
45713
57049
93593
42246
37241
15960
59371
24839
42268
42064
11059
50931
60516
95213
89795
3877
30203
50106
427
77757
76318
9683
2151
5281
11600
69736
10337
1819
38434
73232
8955
44158
31126
40786
6948
10756
15625
77995
8592
1430
60674
49110
68539
88801
66792
19261
74698
73794
17218
62934
54207
53045
30133
15405
72459
84706
7135
93412
10169
53730
76812
81673
94756
35954
10307
42475
78206
73607
75454
34900
8244
75578
6096
86554
69109
1228
12530
10123
74385
21689
40953
4953
92849
31156
26637
91490
16705
26234
10199
3656
44841
47404
65902
33288
18938
53152
98603
81948
49948
76036
4121
71651
46248
5746
5529
70317
11819
29316
69971
108
12079
80499
31838
85439
41975
76748
77100
4438
13646
12381
55884
70339
84416
29746
56844
43636
13573
45268
41558
49539
50329
11622
47300
64702
37607
4645
65833
80481
30561
92420
750
32637
15353
2057
23362
81826
19869
4951
600
32441
55008
2463
37912
25746
90419
41014
19145
12692
82835
56385
30300
59183
27611
16421
36305
49308
50827
18704
61722
34746
22858
24700
91371
20999
64039
23942
13138
72343
10384
91661
41259
39833
73620
87055
17497
52735
74856
35402
74750
38494
13579
84919
31251
44965
78980
18817
85992
537
98635
94094
742
23612
18500
21546
77842
65174
53722
73262
52397
77455
9299
27149
86619
8027
19815
74475
55868
5476
55857
80398
8282
31711
42694
59701
8845
3381
9163
67530
47750
30908
91813
26945
54870
74879
48169
10043
3396
31331
9804
11386
28209
34335
39057
65171
18414
61080
13010
30552
14821
27538
23800
7648
18220
38014
45950
19539
325
5444
38395
28557
10098
13392
44120
21392
12244
70634
23114
45729
11722
31531
23090
64162
69929
47417
51173
9001
36999
76479
64642
85168
61261
2685
23498
17408
21663
33010
15641
45750
67868
32003
48816
82052
35726
27431
6662
65458
86017
16593
11215
71863
85620
43656
23647
40554
48323
61077
26474
49152
60646
88347
81416
57748
57086
1443
88682
24563
94954
49219
51345
42620
25380
28463
21622
97052
84863
26577
87111
33447
75142
67126
66992
14761
51229
4179
42537
11056
9721
52015
1928
32234
41487
15089
76185
15489
97666
55422
38847
91240
91718
88766
28795
84550
97665
30122
62378
17413
95844
4383
22267
75591
2473
22089
21555
12635
79559
41483
62743
12629
93401
95309
25748
6407
70582
28765
1226
15662
6225
13141
99148
20312
64905
89678
47438
15995
46501
12059
71933
35707
64669
75875
52080
40979
71644
9224
50333
96792
22222
61686
4062
78479
90089
70300
53801
47154
29622
35649
62518
18365
93095
2420
46855
43472
95068
33556
64041
63661
73792
91018
32856
3431
22017
45389
77461
52222
50003
15576
94506
33117
35595
19810
78007
68723
71010
87741
70763
98521
66070
5999
37270
19463
50910
189
79979
20196
72509
9963
58867
6742
21552
2972
42345
72410
73477
9538
75076
88508
2783
57918
64105
12714
34706
1825
33693
2201
29350
81868
32545
23225
17718
17665
13128
41699
58009
89210
18472
64935
69544
18359
77327
33108
88623
4078
5769
98303
85853
15295
11062
98506
6712
97788
48657
11862
37394
15737
50829
38626
56532
86751
99639
35321
90751
55967
44973
9521
80169
1147
62357
70754
2507
49652
29151
68697
69566
17773
61653
12720
35641
55318
86180
99497
47348
3035
86099
65570
36341
98286
23108
52906
49873
36940
44594
54455
10590
9920
40336
32940
32636
88814
38770
80934
98278
2333
73445
25195
63993
84483
50357
56776
11508
22299
40534
34199
75944
11464
1665
5916
15465
11527
67129
11756
6404
86355
29376
21386
18391
13670
25186
20698
62137
44800
85235
80370
19260
45170
58787
45040
11051
73976
61980
22279
45443
44980
27683
12776
3811
28149
22561
3707
5253
91837
90628
89711
15087
80666
89142
72828
32293
60472
82481
86513
66983
67783
13630
88406
3607
14969
21490
74543
9022
12040
11894
25707
60477
31175
75152
902
49220
76701
65556
35888
24526
83920
47763
53254
98758
84547
10624
65324
18921
32808
4482
18795
4144
31597
45124
92956
39126
56315
81089
67752
24243
41348
33410
13992
27732
56511
70013
33929
98586
39397
32381
51310
5232
38005
22461
8838
82113
96640
72135
5077
59364
74542
42000
51940
81700
36067
84915
54128
13524
58803
41279
76604
71515
66042
72609
18999
16318
87893
24690
67601
19588
27997
55192
20425
3913
49615
72909
42010
10532
41209
90733
7121
29708
85463
97785
9272
29484
11940
7519
25884
63574
24093
85230
36411
90605
21641
55333
43049
14026
68232
22202
9284
43875
72875
72813
3245
37006
78546
55280
43848
49265
31219
36495
51820
25520
14840
61889
30452
2883
6563
39080
58796
49168
34073
58464
10799
40497
64289
23578
36821
7236
8584
74316
73682
73113
97499
27959
16078
64262
52938
28321
97874
41101
35323
99218
3765
89542
50604
64097
413
92886
49224
99017
38776
97155
66077
65930
19298
79595
19913
11142
38741
19481
2644
25465
62572
57575
44472
98746
31724
86897
4781
19098
14623
56040
91046
84340
1266
57193
6602
48496
85078
22352
8092
30040
24179
72980
14913
63677
80864
90161
6699
53916
36454
50697
6505
14105
91275
35527
18727
58514
50703
45508
41031
63414
78168
25065
30415
5903
55156
36362
37652
33303
24313
28393
59685
31346
54372
44311
33341
93747
72276
30413
41606
77834
21257
89312
57609
39892
43377
96785
95577
34562
74319
12945
14298
92108
94969
51810
38222
73594
96227
58887
9375
4109
99644
2520
59699
81540
75146
22742
53303
13728
53952
44627
86473
37079
73539
73307
20839
89093
84498
12374
81278
70779
38822
46073
39605
79868
41349
84299
40354
15213
14772
50894
67243
66997
65221
88812
20531
10440
12878
30107
1949
87215
52767
62824
27063
26938
9390
75186
83776
95712
59878
78109
45591
31269
33264
88257
78886
83972
8064
32347
42556
3094
14896
69501
17289
95799
33991
4553
5847
67060
48700
46623
38289
41597
84653
50556
63985
34895
33137
27047
37546
99988
99449
59972
90926
40009
4993
66919
15927
75365
268
20404
85279
93572
29292
69778
44068
70150
33953
78576
25468
28456
9573
45903
33947
82003
34127
97236
45596
8977
92569
63672
99680
43443
4670
72606
500
18108
81555
9748
63155
61139
90793
68702
31374
36738
69911
31646
84161
31808
89987
29882
51038
20583
65424
42236
77279
32753
58513
2053
91075
73199
29458
26848
18408
42685
79271
21193
28675
8789
29197
67077
68253
26108
83792
15120
78515
58010
74141
29773
16797
86999
13738
47337
58441
7335
13649
58755
88291
74774
33191
38405
78468
16422
68207
79301
28043
12594
26081
52702
31489
79485
8759
95471
36805
3011
8432
26229
21282
816
40239
12863
6087
44801
56141
39294
82702
49533
70939
16412
98109
18075
61501
98512
96450
69780
12051
52498
85178
43209
24111
485
31448
26785
49714
28176
43402
26667
52481
4583
50256
75261
73985
13211
16359
6560
6251
68815
28329
33464
75127
92860
48895
47394
3401
86727
51745
67741
42320
48017
72354
96796
57071
77237
7681
60597
11498
69094
47603
61725
18047
45909
90171
71558
64911
87500
16190
80413
16964
92306
1386
27084
9824
31051
52886
5333
26013
20305
39042
42915
28609
23409
13514
15367
11468
68589
75369
37517
68927
14770
90254
74524
65564
45624
36327
67255
20012
82624
65918
75506
20668
48968
71043
47039
5500
20437
12724
58527
21630
70484
3220
81857
27081
19194
51854
36831
87169
67250
90102
65293
65792
39048
65880
18541
27900
17501
71858
98466
21180
2152
94973
83952
56652
47942
31705
59536
79387
50730
58536
30523
70288
59197
49322
40423
43302
27325
49676
28218
6926
10045
93912
38862
52860
11673
27319
20945
98433
8721
65063
51938
76906
22610
25385
83953
98234
34294
11533
53713
13469
78127
87508
46274
34882
15779
58952
16735
47644
11297
48440
40846
68080
64497
452
26422
73109
96912
43541
86777
39167
44916
83225
74644
59893
66955
84935
90388
77132
89762
47418
12265
3411
98780
80553
79586
30210
20900
88394
15816
43602
29963
14011
53356
86454
77967
18004
32315
50037
17508
16818
15076
51856
38156
30043
19138
7554
63055
57682
42136
69796
16590
52996
44640
42580
28818
37855
77152
73420
56108
85152
53581
52694
54446
42703
1992
40505
26819
32662
56714
35243
56769
67557
22786
9791
17165
83377
63866
37862
77555
11739
56456
61464
3276
89666
74140
65331
78754
14053
31941
28974
47055
12146
75425
51266
14055
89796
59628
31383
22266
86899
62475
43307
37938
89121
64551
1051
86094
28457
38175
39876
87094
54057
44561
34973
73367
75271
97866
27435
46656
36690
66378
15710
87019
25893
35792
69528
80380
28183
34683
64198
97839
64469
45803
1920
27976
85642
31347
53979
1433
18258
55299
6082
67258
77569
76938
30386
32126
48229
64721
52405
85306
39461
42290
44573
57311
70959
80073
88245
84969
58870
83313
96201
66339
25879
36487
23019
57121
97000
17220
58751
28603
27810
17612
51499
93843
68520
35852
59589
60870
51443
69747
57240
91151
55181
64392
56341
90291
78513
92329
55365
12234
24913
76704
39447
6010
70649
68266
55835
54946
43467
93786
27222
54415
91009
78409
33222
54438
67478
44505
83889
93467
93358
35610
20198
80224
96572
40768
6431
44036
2693
60326
11730
4726
99142
99757
58277
81483
83551
34914
21852
5811
82742
78215
83676
54331
5778
48932
12599
614
17988
46561
75196
15686
64490
42173
19302
60201
17137
29054
73416
93891
71766
11556
46342
78990
17148
80898
63371
27912
34153
85676
30916
74549
74956
34141
77714
79981
62236
45310
95817
39630
5269
38965
26925
59323
61223
12011
30209
18781
38591
44667
74349
47257
91739
3526
20663
19677
24536
4646
95505
36172
23733
27820
82487
56649
51595
48200
22820
12981
82006
75797
45840
23082
46717
18019
65214
83287
36040
24633
63667
5460
86020
14310
57570
815
60898
54007
32809
41943
19821
10971
34876
28846
3301
26100
70800
51824
71309
13360
67232
41190
86573
46126
56035
29423
24921
80464
14998
66199
54083
786
77
44168
14740
23662
79594
2301
62342
42017
79998
80818
86049
8683
57110
24466
51311
11074
25962
27007
80095
13834
28341
5997
48623
56450
23458
5555
86677
37759
59561
32352
39420
62373
29884
52377
18535
52147
10049
43720
94647
4485
86489
78547
39820
12390
10091
9710
88102
53432
38255
53619
24756
26966
58150
7392
87626
18769
35206
44810
19269
13722
74386
66146
44279
48157
7913
45048
11153
52945
61869
43011
21577
62593
45224
33243
32949
56308
31124
30962
957
81108
19822
54385
49979
70871
10834
23839
63747
33923
55493
34490
93138
79488
94731
28798
40295
27035
52253
42456
47311
1360
61905
84162
4853
66377
30015
19632
62649
34600
28899
12817
10438
78368
80788
84053
31987
26177
56478
83703
10569
25570
41500
99479
39901
45910
52448
74001
72924
67748
27833
22886
43283
65787
57737
51678
61642
92033
10821
25584
86885
77747
10354
86476
33310
96059
32272
32073
65632
32778
8728
64977
78302
74227
14912
77161
82831
19090
48078
3784
19056
95969
93893
2217
12547
10112
67925
14872
35632
35213
5539
71056
65780
60959
18814
20514
99936
74666
17816
30542
98339
62668
28870
50015
71576
85489
54135
43951
28751
6367
57924
5016
30486
20930
10764
85740
94073
27634
20572
1307
23345
64211
58483
11831
79077
17333
14844
49126
1279
48412
64519
75205
49385
37749
38187
6907
17535
25235
80461
34190
30655
51129
30258
52006
24276
99088
1407
51199
29111
79191
28401
9985
95066
65525
31007
54653
60863
83564
37288
30045
71114
5158
71366